38383
61997
38006
10889
41337
39824
11867
35458
37772
58102
56077
39659
40191
36030
56093
32333
44085
4607
61408
37601
37624
61160
10913
36997
39965
39040
18421
33842
29369
37998
35613
10890
37781
31885
57334
34932
453
71341
36028
66539
31485
33115
33405
18515
32306
30405
11
56994
39166
32095
32490
37414
43851
33330
18346
55008
34643
32999
50809
31799
42166
19500
35049
55813
35478
41339
19845
31995
64374
31025
37262
15477
33585
33116
39393
12487
17319
43002
19324
55783
28233
31676
38007
37811
37764
19902
35582
34886
17773
33544
9617
12210
71182
53795
18367
33109
33903
55518
33384
33592
50239
38481
36898
53533
13303
30156
31386
38020
34196
9096
39747
33550
15884
37269
38681
36631
2
19622
54761
13219
37537
36791
33868
56279
18218
6545
11020
18812
38572
37782
37938
8322
6528
23529
26686
41016
52984
58376
18785
33594
42356
37708
12654
40536
38842
63805
19682
42902
38069
7517
21950
35182
60807
7094
7422
18907
21825
37952
41240
6926
61571
22961
7204
34611
41018
15277
16412
26784
42053
9618
37930
39278
16918
59297
14121
8549
11031
12894
67797
15429
27614
50745
55781
25278
32300
42997
31849
37483
9596
39277
60379
7129
65955
20577
35351
8742
44031
32804
37759
11932
27151
27569
33114
11945
14715
35861
6912
63863
13207
37431
37532
39658
14378
14885
18714
8432
61825
6773
36904
6739
8596
23664
25771
7095
38519
8103
26584
33456
27556
56839
7437
15990
11727
40818
50801
58504
36671
9248
10154
30960
6784
57654
17306
7514
35397
37621
31795
38683
9404
37109
38030
38110
11205
13274
39823
58518
8830
8832
10506
24105
66580
18070
12428
18274
39974
41656
60446
7413
26108
58999
35259
38049
21700
54168
10839
12498
22649
64037
35328
33931
40328
31693
19936
60758
42156
13363
55943
41202
19233
34089
59268
66850
6720
32190
37728
39558
27137
35571
9032
39657
21610
11226
24517
31278
12485
35733
44066
40925
9000
9039
14473
19813
54209
35012
53008
29596
33905
52205
6664
14030
35353
57845
16719
52224
40817
8329
32287
12063
35521
21747
6357
12147
18926
36849
6780
60269
8114
7734
8844
32413
8969
18537
53530
12486
33873
31060
21636
42371
50956
7223
37223
21646
39380
35480
34152
32315
7650
49269
26852
28031
3668
6341
12439
37818
39582
22025
37748
10712
15271
33502
12167
42266
59293
28740
37731
61220
70683
57655
9582
19846
26549
13695
28211
57354
31300
21120
31850
61100
7399
13285
57462
55809
6198
8695
8966
56091
9012
39003
29686
48926
6771
8833
35566
15466
21128
55815
31046
33323
38165
18810
38009
62154
15274
57355
23835
33354
55872
69960
6981
68814
12484
8153
30753
7643
22140
33746
15883
30014
38032
6616
28174
39439
52186
8951
32209
17309
28922
41646
39998
7516
18635
23506
11076
26733
31418
42439
51023
59233
38841
7150
28477
37855
38501
39180
7644
6916
9243
16403
32360
50807
8427
27006
28562
37942
9521
54205
6806
7284
38150
11260
61514
15474
15706
18364
29610
36606
4513
28151
8500
27650
31996
50169
6818
8569
11004
15393
21164
32090
55520
58973
33146
25907
35690
18049
40036
38103
5215
33175
6243
7167
38159
13195
37019
39384
23455
23746
32263
56995
6470
8796
61832
4241
61056
31675
11778
37965
31005
39790
33276
13185
4776
8964
34387
34939
63878
7294
60761
33317
56770
56802
6316
14553
53866
8435
22027
25016
28950
3672
8138
9800
19001
19996
19118
39279
8472
17046
19338
23572
33934
33274
45292
18345
18938
3824
4598
19842
31399
18099
22250
28931
28705
15445
59593
60279
21643
32150
11118
39181
6921
17320
10283
10979
32464
4385
8106
25267
29464
7127
6303
55517
9348
28502
11798
12435
28104
37034
37593
42165
8148
50800
22072
37595
38382
61153
19068
33165
15447
18915
9196
4823
30611
31950
6805
70917
12429
13300
17384
7331
17501
66599
6797
24235
30385
42252
11912
12306
40241
29425
26633
9267
24140
31882
11212
29455
41155
11685
71161
4578
11764
12471
19886
40315
8759
27638
4484
4602
4779
6422
6512
33730
38977
16079
19247
6477
16676
18718
20251
33899
4096
26046
15227
23395
70550
10645
15208
32051
8562
69963
21994
37389
39794
26136
25015
14886
7346
19203
40946
7432
8821
15231
50301
42030
25910
37982
38708
37859
60340
27657
3609
21654
10954
39737
4671
38567
7518
14321
8576
36702
39488
55774
9023
31932
42667
6324
12275
17164
7356
9001
10663
18002
23745
26843
6991
31258
67664
8760
6874
55999
27152
27862
13423
21981
36058
41477
7614
54757
6325
28176
31721
61301
8008
37488
6476
12008
27211
29812
39355
9804
33601
37552
39036
22007
23109
39817
12909
17894
16817
8577
38042
8319
8607
10186
57652
8690
14846
15516
39024
14710
6877
7410
12627
35789
39600
61730
5330
6804
8173
32275
37726
65958
11888
6924
39565
11215
12073
26045
8881
16445
40309
28175
9035
6887
6304
7212
18040
21752
6758
13369
11180
23549
10956
16160
18003
32027
71163
8956
57214
60341
6982
8814
23672
52240
56810
15441
6944
50790
69962
6790
60797
8805
23890
35169
39182
63872
19126
43106
11962
24939
38430
8248
61984
6955
9449
9176
11253
13188
31753
33145
6782
8954
13299
18429
39428
8363
31239
33186
38921
58501
7851
13746
26309
37912
6344
12145
7160
9552
8586
15619
30337
37819
64001
56041
59292
63081
6820
27700
5997
8991
26211
37863
7693
10853
21782
22981
36987
21226
11023
18181
18337
20000
20254
37589
18503
27696
35043
37921
28195
31762
35784
12623
15126
8847
60280
6788
21607
21790
42143
14493
22052
28234
37241
8700
37215
39656
40807
13280
21837
21990
28187
53002
8419
9162
28982
6569
12045
11569
31718
17321
28340
30213
43284
13971
18510
21577
22469
13432
28659
35327
8820
9803
23720
31929
42197
21699
7334
15160
32409
39338
8149
31859
41905
21242
26526
32698
58367
6870
7166
21486
52220
11035
21121
9819
25017
27433
22058
30336
11117
50798
23798
25013
35494
7333
25713
6878
23824
38710
61567
15451
33267
16221
43572
69331
18724
21657
34115
37083
39566
42470
15881
27470
22201
26258
16420
18266
28969
39440
9031
20592
7634
32298
8186
7161
19341
28243
41091
54206
8191
18350
41009
10464
37753
37898
41093
38029
60757
21886
8274
16905
12048
22786
29699
52219
19325
43344
71336
