2.997823
2.696793
2.094733
2.997823
2.520702
2.997823
2.696793
2.152725
2.997823
2.219672
2.997823
2.997823
2.997823
1.466344
2.696793
2.997823
2.696793
2.696793
2.696793
2.997823
2.997823
2.997823
2.395763
2.520702
2.520702
2.696793
2.997823
2.997823
2.520702
2.997823
2.997823
2.696793
2.520702
2.997823
2.997823
2.997823
2.696793
2.997823
2.997823
2.696793
2.520702
2.696793
2.997823
2.520702
2.997823
2.997823
2.997823
2.696793
2.997823
2.997823
2.696793
2.997823
2.696793
2.997823
0.710021
2.997823
2.997823
2.997823
2.298853
2.997823
2.997823
2.997823
2.997823
2.997823
2.997823
2.997823
2.997823
2.997823
2.696793
2.997823
2.997823
1.675604
2.520702
2.997823
2.997823
2.520702
2.997823
2.997823
2.520702
2.997823
2.696793
2.696793
2.997823
2.997823
2.219672
2.997823
2.997823
2.997823
2.997823
2.696793
2.997823
2.997823
2.997823
2.298853
2.520702
2.696793
2.997823
2.696793
2.395763
2.997823
2.997823
2.997823
2.696793
2.997823
2.997823
2.696793
2.997823
2.298853
2.696793
2.997823
2.997823
2.997823
2.997823
2.520702
2.696793
2.997823
2.997823
2.997823
2.395763
1.617612
2.997823
2.520702
2.997823
2.520702
2.696793
2.997823
2.997823
2.997823
2.997823
2.997823
2.997823
2.696793
2.997823
2.696793
2.520702
2.298853
2.696793
2.997823
2.997823
2.997823
2.997823
2.997823
2.997823
2.696793
2.997823
2.997823
2.997823
2.997823
2.997823
2.997823
2.997823
2.997823
2.997823
2.997823
2.997823
2.997823
2.696793
2.997823
2.696793
2.219672
2.520702
2.997823
2.395763
2.997823
2.997823
2.997823
2.997823
2.997823
2.997823
2.520702
2.997823
2.997823
2.997823
2.997823
2.696793
2.997823
2.997823
2.997823
2.997823
2.696793
2.997823
2.696793
2.997823
2.997823
2.520702
2.997823
2.997823
2.997823
2.997823
2.997823
2.997823
2.997823
2.696793
2.997823
2.997823
0.944745
2.696793
2.997823
2.997823
2.395763
2.997823
2.696793
2.997823
2.997823
2.997823
2.696793
2.997823
2.997823
2.997823
2.520702
2.997823
2.997823
2.395763
2.997823
2.997823
2.997823
2.997823
2.997823
2.520702
2.997823
2.997823
2.997823
2.997823
2.997823
2.997823
2.696793
2.997823
2.696793
2.997823
2.997823
2.997823
2.696793
2.219672
2.696793
2.997823
2.997823
2.696793
2.997823
2.997823
2.997823
2.696793
2.997823
2.997823
2.997823
2.997823
2.997823
2.997823
2.997823
2.997823
2.997823
2.997823
2.997823
2.997823
2.997823
2.696793
2.997823
2.997823
2.696793
2.997823
2.997823
2.997823
2.997823
2.696793
2.696793
2.520702
2.696793
2.696793
2.696793
2.997823
2.997823
2.696793
2.997823
2.696793
2.997823
2.997823
2.997823
2.997823
2.696793
2.997823
2.997823
2.696793
2.395763
1.956430
2.997823
2.997823
2.997823
2.696793
2.997823
2.997823
2.997823
2.696793
2.696793
2.997823
2.997823
2.997823
2.997823
2.696793
2.997823
2.997823
2.696793
2.997823
2.997823
2.997823
2.997823
2.997823
2.997823
2.997823
2.997823
2.997823
2.696793
2.696793
2.997823
2.997823
2.997823
2.997823
2.997823
2.997823
2.997823
2.997823
2.997823
2.997823
2.997823
2.997823
2.997823
2.997823
2.696793
2.997823
2.997823
2.997823
2.997823
2.997823
2.997823
2.997823
2.997823
2.298853
2.997823
2.696793
2.395763
2.395763
2.997823
2.696793
2.395763
2.395763
2.997823
2.520702
2.997823
2.520702
2.997823
2.997823
2.997823
2.997823
2.997823
2.520702
2.696793
2.997823
2.298853
2.520702
2.219672
2.997823
2.520702
2.520702
2.997823
2.997823
2.395763
2.520702
2.997823
2.696793
2.520702
2.997823
2.997823
2.997823
2.997823
2.520702
2.997823
2.997823
2.997823
2.997823
2.997823
2.997823
2.997823
2.997823
2.520702
2.997823
2.997823
2.997823
2.997823
1.997823
2.997823
2.997823
2.997823
2.997823
2.997823
2.997823
2.997823
2.696793
2.219672
2.997823
2.997823
2.997823
2.997823
2.997823
2.997823
2.094733
2.520702
2.997823
2.997823
2.997823
2.997823
2.997823
2.997823
2.997823
2.997823
2.997823
2.997823
2.520702
2.997823
2.997823
2.696793
2.997823
2.997823
2.696793
2.997823
2.997823
2.997823
2.395763
2.997823
2.997823
2.997823
2.997823
2.997823
2.997823
2.997823
2.696793
2.696793
2.997823
2.395763
2.997823
2.997823
2.696793
2.997823
2.997823
2.997823
2.997823
2.997823
2.997823
2.997823
2.997823
2.997823
2.997823
2.997823
2.997823
2.997823
2.997823
2.997823
2.395763
2.395763
2.696793
2.997823
2.997823
2.997823
2.997823
2.152725
2.520702
2.997823
2.997823
2.997823
2.696793
2.997823
2.997823
2.997823
2.520702
2.997823
2.997823
2.997823
2.997823
2.997823
2.997823
2.520702
2.997823
2.997823
2.997823
2.997823
2.997823
2.696793
2.997823
2.997823
2.298853
2.520702
2.997823
2.696793
2.520702
2.997823
2.696793
1.520702
2.997823
2.997823
2.997823
2.997823
2.696793
2.997823
2.043581
2.997823
2.997823
2.997823
2.997823
2.696793
2.997823
2.696793
2.997823
2.997823
2.997823
2.696793
2.520702
2.696793
2.395763
2.997823
2.997823
2.997823
2.997823
2.997823
2.997823
2.997823
2.395763
2.997823
2.997823
2.997823
2.696793
2.219672
2.997823
2.997823
2.997823
2.696793
2.997823
2.997823
2.997823
2.997823
2.997823
2.997823
2.997823
2.997823
2.152725
2.696793
2.997823
2.520702
2.997823
2.997823
2.997823
2.997823
2.997823
2.997823
2.696793
2.997823
2.997823
1.997823
2.997823
2.997823
2.997823
2.696793
2.997823
2.997823
2.997823
2.997823
2.997823
2.997823
2.997823
2.520702
1.742551
2.997823
2.997823
2.997823
2.997823
2.696793
2.997823
2.997823
2.997823
2.997823
2.997823
2.997823
2.696793
2.997823
2.997823
2.520702
2.520702
2.997823
2.997823
2.696793
2.997823
2.997823
2.997823
2.696793
2.997823
2.298853
2.696793
2.997823
2.520702
2.997823
2.997823
2.696793
2.997823
2.997823
2.997823
2.997823
2.997823
2.997823
2.997823
2.997823
2.997823
2.997823
2.696793
1.851695
2.997823
2.696793
2.696793
2.997823
2.997823
2.997823
2.997823
2.997823
2.696793
2.997823
2.997823
2.997823
2.997823
2.997823
2.997823
2.997823
2.997823
2.395763
2.997823
2.997823
2.997823
2.696793
2.997823
2.696793
2.997823
2.997823
2.997823
2.997823
2.997823
2.997823
2.997823
2.520702
2.997823
2.997823
2.395763
2.997823
2.997823
2.997823
2.696793
2.997823
2.997823
2.152725
2.997823
2.997823
2.997823
2.997823
2.520702
2.997823
2.997823
2.395763
2.997823
2.298853
2.520702
2.997823
2.997823
1.956430
2.696793
2.997823
2.997823
2.696793
2.997823
2.997823
2.997823
2.997823
2.997823
2.696793
2.696793
2.997823
2.997823
2.997823
2.997823
2.997823
2.520702
2.395763
2.997823
2.696793
2.395763
2.094733
2.696793
2.696793
2.997823
2.997823
2.997823
2.696793
2.997823
2.997823
2.997823
2.997823
2.997823
2.997823
2.395763
2.997823
2.997823
2.997823
2.696793
2.696793
2.997823
2.395763
1.821732
2.696793
2.997823
2.997823
2.997823
2.997823
2.997823
2.997823
2.997823
2.997823
2.997823
2.997823
2.520702
2.696793
2.696793
2.997823
2.696793
2.696793
2.997823
2.696793
2.997823
2.997823
2.997823
2.997823
2.997823
2.997823
2.520702
2.696793
2.997823
2.997823
2.696793
2.997823
2.520702
2.997823
2.997823
2.997823
2.997823
2.997823
2.997823
2.997823
2.997823
2.520702
2.696793
2.997823
2.520702
2.997823
2.997823
2.696793
2.219672
2.997823
2.997823
2.043581
2.997823
1.821732
2.997823
2.219672
2.997823
1.453755
2.696793
2.997823
2.696793
2.997823
1.851695
2.696793
2.395763
2.997823
2.997823
2.997823
2.520702
2.298853
2.696793
2.997823
1.719069
2.997823
2.997823
2.696793
2.997823
2.997823
2.997823
2.997823
2.997823
2.997823
2.997823
2.997823
2.696793
2.997823
2.152725
2.997823
2.094733
2.520702
2.395763
2.997823
2.696793
2.997823
2.997823
2.696793
2.696793
2.520702
2.696793
2.997823
2.997823
2.997823
2.997823
2.997823
2.997823
2.997823
2.997823
2.997823
2.997823
2.696793
2.997823
2.997823
2.997823
2.997823
2.997823
2.997823
2.997823
1.742551
2.298853
2.997823
2.997823
2.997823
2.997823
2.997823
2.997823
2.997823
2.997823
2.696793
2.298853
2.997823
2.997823
2.997823
2.997823
2.997823
2.520702
2.997823
2.997823
2.696793
2.395763
2.997823
2.997823
2.997823
2.997823
2.997823
2.997823
2.997823
2.997823
2.997823
2.997823
2.997823
2.696793
2.997823
2.997823
2.997823
2.696793
2.997823
2.219672
2.696793
2.997823
2.696793
2.997823
2.997823
2.094733
2.997823
2.997823
1.883880
2.696793
2.219672
2.997823
2.997823
2.997823
2.997823
2.997823
2.520702
2.997823
2.520702
2.997823
2.997823
2.696793
2.043581
2.997823
2.997823
2.997823
2.997823
2.997823
2.997823
2.997823
2.696793
2.997823
2.520702
2.997823
2.997823
2.997823
2.997823
2.696793
2.997823
2.997823
2.696793
2.997823
2.997823
2.997823
2.997823
2.997823
2.997823
2.520702
2.696793
2.997823
2.997823
2.696793
2.997823
2.298853
2.997823
2.997823
2.997823
2.520702
2.696793
2.997823
2.696793
2.696793
2.997823
2.997823
2.997823
2.997823
2.997823
2.997823
2.997823
2.997823
2.997823
2.997823
2.997823
2.997823
2.997823
2.520702
2.997823
2.997823
2.997823
2.997823
2.997823
2.997823
2.997823
2.997823
2.997823
2.997823
2.997823
2.997823
2.520702
2.520702
2.997823
2.997823
2.696793
2.997823
2.997823
2.997823
2.520702
2.997823
2.696793
2.997823
2.997823
2.997823
2.997823
2.298853
2.997823
2.997823
2.997823
2.696793
2.997823
2.520702
2.696793
2.997823
2.997823
2.152725
2.298853
2.997823
2.997823
2.395763
2.997823
2.997823
2.696793
2.997823
2.997823
2.997823
2.696793
2.696793
2.997823
2.696793
2.997823
2.997823
2.997823
2.520702
2.997823
2.997823
2.997823
2.520702
2.997823
2.997823
2.696793
2.997823
2.997823
2.997823
2.395763
2.997823
2.696793
2.696793
2.520702
2.520702
2.997823
2.997823
2.997823
2.997823
2.997823
2.997823
2.395763
2.395763
2.997823
2.520702
2.997823
2.997823
2.997823
2.997823
2.997823
2.997823
2.997823
2.997823
2.997823
2.997823
2.997823
2.520702
2.997823
2.395763
2.997823
2.997823
2.997823
2.997823
1.655400
2.043581
2.997823
2.997823
2.997823
2.997823
2.997823
1.883880
2.395763
2.696793
2.298853
2.219672
2.395763
2.997823
2.997823
2.696793
2.997823
2.696793
2.520702
2.997823
1.550665
2.997823
2.395763
2.997823
2.997823
2.997823
2.395763
2.298853
2.997823
2.997823
2.696793
2.997823
2.997823
2.997823
2.997823
2.997823
2.997823
2.696793
2.997823
2.520702
2.997823
2.997823
2.997823
2.997823
2.997823
2.997823
2.696793
2.997823
2.997823
2.997823
2.997823
2.520702
1.198483
2.997823
2.696793
2.696793
2.696793
2.997823
2.997823
2.152725
2.997823
2.997823
2.997823
2.395763
2.997823
2.696793
2.997823
2.997823
1.956430
2.997823
2.696793
2.395763
2.997823
2.520702
2.997823
2.997823
2.997823
2.997823
2.997823
2.997823
2.997823
2.997823
1.821732
2.997823
2.395763
2.696793
2.997823
2.395763
2.520702
2.997823
2.696793
2.997823
2.997823
2.997823
2.997823
2.696793
2.152725
2.997823
2.997823
2.997823
2.997823
2.997823
2.997823
2.997823
2.997823
2.997823
2.997823
2.696793
2.997823
2.997823
2.997823
2.997823
2.997823
2.997823
2.696793
2.997823
2.696793
2.997823
2.395763
2.997823
2.997823
2.997823
2.395763
2.997823
2.997823
2.997823
2.997823
2.997823
2.997823
2.997823
2.997823
2.997823
2.696793
2.997823
2.696793
2.997823
2.997823
2.997823
2.997823
2.696793
2.520702
2.997823
2.997823
2.696793
2.997823
2.997823
2.997823
2.997823
2.997823
2.997823
2.997823
2.696793
2.094733
2.997823
2.997823
2.997823
2.997823
2.997823
1.636095
2.997823
2.997823
2.997823
2.997823
2.395763
2.997823
2.997823
2.997823
2.997823
2.997823
2.997823
