697
699
775
776
777
777
777
778
781
783
784
786
787
787
788
788
789
790
791
793
793
794
794
798
799
800
858
859
860
860
861
861
863
867
869
869
869
870
872
872
872
872
872
873
874
878
878
879
879
880
880
883
885
886
888
889
889
891
892
893
895
895
895
898
898
899
951
954
954
955
956
956
957
960
960
961
961
962
964
964
964
966
968
970
978
980
982
982
984
984
985
988
990
990
990
990
990
991
991
992
994
994
994
995
997
998
998
1000
1064
1065
1065
1065
1066
1067
1069
1069
1069
1074
1074
1075
1076
1077
1077
1079
1081
1083
1085
1088
1090
1092
1092
1093
1093
1094
1094
1095
1096
1097
1097
1098
1098
1098
1099
1099
1100
1129
1130
1130
1132
1133
1133
1133
1133
1134
1135
1135
1135
1135
1135
1136
1138
1139
1141
1141
1141
1142
1142
1143
1143
1144
1144
1145
1146
1146
1147
1148
1148
1148
1148
1150
1151
1154
1156
1157
1157
1158
1160
1162
1163
1163
1165
1166
1166
1167
1169
1232
1232
1233
1233
1234
1234
1237
1237
1238
1238
1238
1239
1239
1241
1241
1241
1242
1243
1244
1244
1245
1245
1246
1246
1247
1247
1247
1247
1248
1248
1250
1250
1250
1251
1251
1252
1252
1253
1253
1253
1253
1254
1255
1255
1256
1257
1258
1260
1261
1262
1320
1321
1323
1327
1327
1328
1328
1329
1329
1329
1329
1331
1332
1332
1332
1332
1334
1335
1335
1335
1335
1336
1337
1337
1338
1339
1340
1341
1341
1343
1343
1343
1343
1345
1346
1346
1347
1350
1350
1351
1352
1353
1354
1357
1360
1361
1361
1362
1362
1362
1435
1437
1437
1438
1438
1439
1441
1441
1441
1442
1442
1442
1445
1446
1446
1446
1446
1446
1447
1447
1448
1448
1448
1449
1449
1450
1450
1451
1454
1455
1456
1459
1460
1460
1461
1462
1462
1462
1462
1463
1464
1466
1467
1467
1467
1471
1472
1472
1473
1473
1524
1525
1526
1527
1529
1529
1530
1530
1532
1533
1536
1537
1537
1538
1538
1539
1539
1539
1540
1540
1541
1541
1543
1543
1543
1544
1545
1545
1546
1546
1546
1546
1547
1549
1549
1549
1550
1550
1550
1551
1552
1553
1553
1555
1556
1557
1558
1559
1559
1559
1629
1630
1630
1631
1631
1632
1632
1632
1633
1633
1633
1634
1635
1635
1637
1637
1637
1638
1638
1639
1639
1639
1639
1640
1640
1641
1642
1645
1646
1646
1646
1647
1647
1647
1648
1648
1648
1649
1650
1650
1651
1651
1651
1654
1656
1656
1656
1658
1658
1658
1736
1736
1736
1737
1738
1738
1739
1739
1739
1740
1741
1741
1741
1741
1741
1742
1742
1742
1742
1743
1743
1744
1744
1745
1746
1746
1747
1747
1747
1747
1747
1748
1748
1749
1749
1750
1750
1751
1751
1753
1754
1754
1754
1754
1754
1756
1757
1757
1758
1758
1831
1833
1833
1834
1835
1835
1836
1836
1836
1837
1837
1837
1837
1839
1840
1840
1841
1841
1842
1843
1843
1845
1845
1846
1847
1848
1848
1848
1848
1849
1851
1852
1853
1853
1853
1854
1854
1854
1855
1856
1856
1856
1857
1857
1859
1861
1861
1862
1862
1864
1925
1925
1927
1927
1928
1928
1929
1929
1930
1930
1930
1930
1931
1932
1932
1933
1934
1934
1934
1935
1935
1936
1936
1937
1937
1938
1938
1938
1939
1939
1939
1939
1940
1941
1941
1942
1942
1943
1943
1943
1943
1943
1943
1944
1944
1945
1945
1946
1946
1947
2018
2019
2019
2020
2023
2023
2023
2024
2024
2025
2025
2025
2026
2026
2027
2028
2028
2028
2028
2031
2031
2031
2032
2033
2034
2037
2037
2038
2038
2038
2039
2040
2041
2041
2041
2041
2041
2042
2042
2043
2043
2043
2043
2044
2045
2045
2046
2046
2047
2047
2133
2134
2134
2135
2136
2138
2138
2138
2139
2139
2140
2141
2141
2143
2145
2145
2146
2147
2148
2149
2149
2150
2151
2151
2151
2151
2152
2153
2155
2155
2157
2157
2158
2159
2159
2160
2160
2161
2161
2162
2162
2163
2164
2164
2165
2167
2167
2167
2168
2168
2238
2239
2239
2239
2240
2240
2240
2241
2241
2241
2242
2243
2243
2244
2244
2245
2245
2245
2245
2247
2247
2249
2249
2251
2251
2254
2254
2255
2255
2255
2255
2255
2256
2256
2256
2256
2258
2258
2259
2260
2260
2261
2262
2262
2263
2263
2263
2263
2264
2264
2319
2319
2321
2322
2322
2322
2322
2322
2322
2323
2323
2323
2323
2323
2323
2324
2325
2326
2327
2327
2328
2329
2329
2329
2330
2331
2332
2333
2333
2336
2336
2337
2337
2340
2340
2341
2341
2341
2341
2341
2343
2343
2343
2344
2344
2344
2344
2344
2346
2347
2426
2426
2427
2427
2429
2429
2429
2429
2429
2430
2430
2432
2432
2432
2433
2433
2434
2435
2436
2436
2436
2436
2436
2437
2437
2438
2438
2438
2439
2439
2439
2440
2440
2441
2441
2441
2441
2442
2442
2443
2443
2444
2444
2444
2444
2444
2445
2445
2445
2446
2520
2521
2521
2521
2521
2522
2522
2522
2522
2522
2524
2526
2526
2526
2526
2526
2526
2527
2527
2527
2527
2529
2529
2529
2530
2530
2531
2531
2532
2532
2532
2532
2533
2533
2533
2533
2535
2535
2535
2535
2536
2536
2537
2537
2537
2538
2539
2539
2540
2540
2626
2626
2627
2627
2627
2628
2629
2629
2629
2629
2631
2631
2631
2632
2632
2632
2632
2632
2634
2636
2636
2636
2636
2637
2637
2637
2639
2639
2639
2639
2640
2640
2640
2640
2641
2641
2642
2642
2642
2643
2643
2644
2644
2645
2645
2645
2647
2648
2649
2649
2719
2719
2721
2721
2722
2722
2722
2723
2723
2723
2723
2723
2723
2724
2724
2725
2726
2728
2728
2728
2728
2729
2729
2730
2730
2731
2732
2732
2732
2732
2732
2733
2733
2733
2734
2734
2734
2734
2735
2735
2736
2737
2737
2738
2738
2738
2738
2739
2739
2739
