2.997823
1.918764
2.119781
1.571582
1.644108
2.016162
2.119781
1.674866
0.998820
2.016162
1.845713
1.572368
2.997823
1.958372
2.119781
1.364786
1.206536
1.189577
1.958372
1.617004
1.493962
1.705774
2.016162
1.156813
1.428793
1.906921
1.461158
1.310176
2.016162
1.845713
2.016162
1.958372
2.016162
1.958372
1.674866
2.119781
1.020601
1.206932
1.845713
1.184450
2.997823
1.432869
0.981460
1.338875
2.119781
1.134999
2.997823
1.958372
1.563448
1.340107
1.845713
2.016162
1.493962
1.310176
1.845713
1.269828
1.074121
1.134999
2.016162
1.958372
1.402220
1.074121
0.912292
1.405358
1.906921
2.119781
0.968998
0.940173
1.918764
2.997823
0.905675
2.119781
1.845343
1.442974
1.563448
1.014486
0.998188
1.730794
2.119781
1.507990
1.104728
1.845713
1.305980
2.016162
1.316290
1.958372
1.332573
1.100300
1.146096
1.489885
1.166955
0.999023
1.205137
1.513973
1.571582
2.997823
1.121718
1.571582
1.285386
2.119781
1.691812
1.300887
1.918764
2.119781
2.119781
1.738794
1.906921
1.801266
2.119781
1.149177
1.357997
1.712257
1.326543
1.455537
2.016162
1.184610
1.828582
1.574718
2.016162
1.114089
1.036110
1.308813
1.185945
1.169402
1.365334
1.523660
1.100300
1.447850
1.918764
1.463227
1.845713
2.119781
1.184450
1.229738
0.786899
2.997823
2.016162
1.163080
1.365334
1.888893
1.062769
2.016162
1.300887
1.019740
1.556994
2.119781
1.050485
1.265406
1.627222
2.016162
1.801266
1.288624
2.997823
1.622511
1.725320
1.074121
1.523859
0.970370
1.411828
0.836282
2.119781
2.997823
1.013016
1.248124
1.179810
2.016162
1.050485
1.105716
1.445368
1.367887
1.112694
1.687565
2.696793
1.674866
2.119781
2.119781
1.660151
1.074121
1.546057
1.101575
1.091992
1.224287
1.262447
1.563448
2.119781
1.161400
1.918764
2.997823
1.918764
1.595428
1.372157
0.943449
1.605395
1.364786
2.016162
1.571582
2.119781
1.526012
1.088414
1.865066
1.428793
1.225493
2.016162
1.918764
0.966682
1.443455
2.997823
1.865066
2.997823
1.958372
2.016162
1.674866
0.890465
1.173895
1.050485
1.574718
1.888893
1.803633
1.730794
1.644108
2.997823
2.119781
2.119781
1.326860
1.610427
1.246022
1.074121
1.563448
1.332225
1.746399
2.119781
0.857707
1.571582
1.079773
1.222306
1.051183
1.617004
1.074121
1.100300
2.696793
1.332225
2.119781
1.369379
0.979478
1.141142
1.493960
1.644817
1.605395
0.927997
2.016162
1.024383
1.342824
2.119781
1.139879
1.251461
2.997823
1.074121
0.927997
2.395763
0.970337
1.402220
1.502560
1.958372
1.771822
1.202830
1.038589
1.216527
2.016162
0.867143
1.202471
1.328976
0.929812
1.845713
1.372361
1.281310
1.074121
1.380506
1.300887
1.571582
2.016162
1.074121
2.016162
1.369066
1.660151
1.378169
2.997823
1.680735
2.016162
1.000792
1.500660
1.712257
1.073136
1.730794
1.691812
1.502560
1.918764
1.738794
1.733741
1.282652
1.326860
1.278161
0.757750
1.086544
2.119781
0.734683
1.443830
1.845713
1.133442
1.789872
1.514652
1.432869
1.771822
0.954093
1.448229
1.171482
1.705774
0.970829
1.687565
2.016162
1.585124
1.402220
1.418109
0.833953
1.674866
1.632990
1.730794
1.213475
1.003846
0.936697
2.520702
1.468569
1.918764
1.074121
1.303118
1.958372
1.031564
1.432869
1.149177
0.907995
1.958372
1.958372
1.660151
1.828582
0.968821
0.772828
2.997823
1.168294
1.248862
2.696793
1.365334
1.364786
2.016162
1.382529
1.410977
2.016162
2.997823
1.233451
1.782405
1.958372
0.989441
2.016162
1.730794
1.031752
1.694060
1.426020
1.074121
1.918764
1.230287
1.283281
1.657420
0.804957
1.770307
1.491135
1.074121
1.021398
1.587478
1.727870
1.513973
2.997823
2.997823
1.542100
0.981460
1.332573
1.513406
2.997823
1.189851
1.348013
1.725320
1.365334
2.997823
1.703204
1.761797
1.585124
1.281310
1.468569
1.115002
1.389715
1.703204
1.906921
2.119781
2.997823
0.793062
2.016162
0.859505
1.674866
1.918764
1.906921
1.432869
1.183364
1.680735
1.918764
1.212333
1.101575
1.814054
1.906921
1.132350
1.599054
1.814054
2.119781
1.493960
0.890465
1.074121
2.997823
1.466580
0.890139
2.119781
2.119781
1.500660
1.514652
1.435762
1.568797
0.909009
1.049231
1.660151
1.474354
0.938588
1.585124
1.918764
1.455537
1.730794
1.525544
1.918764
1.218676
1.524944
1.918764
0.984602
2.997823
1.548001
1.310906
1.730794
1.591193
1.077736
2.016162
1.918764
1.803633
1.432869
0.871483
1.691812
1.493962
1.845713
2.016162
1.297693
1.074121
2.119781
1.674866
0.999512
1.918764
1.470915
1.432869
1.326860
1.364786
1.380506
1.418821
1.572368
1.364786
0.893506
2.016162
1.958372
1.789872
1.291388
1.138323
2.016162
1.530452
0.677989
2.016162
1.204692
1.466906
1.738794
1.324156
1.231817
1.568797
1.449573
1.247579
1.443455
1.105417
2.119781
1.504858
1.803633
1.958372
1.610427
1.845343
0.948981
1.703204
1.328162
2.520702
1.257271
1.360435
1.555044
0.894617
1.365334
1.341965
1.585124
1.425837
1.782405
0.604830
1.094610
1.166865
1.378745
1.730794
1.022789
1.096289
1.958372
1.828582
1.326860
2.997823
2.119781
1.548001
2.119781
1.958372
1.072789
1.828582
0.927997
2.997823
2.997823
1.022789
1.500660
1.585124
1.219940
1.367887
0.881089
1.906921
1.073244
1.918764
2.016162
1.235538
1.219940
2.016162
2.696793
0.871313
1.918764
1.362387
1.466906
1.229491
2.119781
1.141899
0.807288
1.053943
2.997823
1.150378
2.016162
1.906921
2.119781
1.442140
1.390455
1.087967
1.211611
2.119781
1.484367
1.501348
0.981460
0.952169
1.036714
1.293468
2.119781
0.981460
1.845343
2.119781
0.979478
1.845713
1.077736
1.730794
2.696793
1.074121
1.065035
2.997823
0.944800
1.063146
1.261086
2.997823
2.119781
1.146096
1.162599
1.906921
1.209392
1.364786
1.372344
0.838227
2.061831
0.736782
1.065990
1.753971
1.782405
1.326860
1.691812
0.981460
1.104087
1.845713
1.280956
1.055101
1.477745
1.402220
1.116842
1.680735
0.933764
1.074121
1.782405
1.845343
1.372157
1.845713
1.958372
1.468569
1.212479
1.402220
1.845713
1.366407
1.074121
0.908698
2.997823
0.918228
1.211611
1.226104
1.888893
1.121718
2.016162
2.016162
1.326860
2.119781
1.845713
1.789872
2.016162
0.812337
1.258512
1.074121
1.448750
2.997823
0.981460
2.520702
1.178397
1.918764
1.428961
0.789018
2.997823
1.108846
1.281310
1.281310
1.179598
1.074121
2.016162
1.500660
1.507990
1.513406
1.113850
1.245222
0.865595
1.173895
2.997823
1.331194
1.958372
2.119781
1.958372
1.918764
1.157558
1.803633
1.733741
2.016162
1.152439
1.771822
1.022789
1.193099
1.364786
1.162750
2.119781
2.119781
1.703204
2.997823
0.897080
0.723831
1.309704
1.660151
1.668615
1.127899
1.242038
1.224967
1.918764
1.326860
1.228553
2.016162
1.770307
0.677989
2.119781
1.527902
1.572368
2.119781
1.439892
1.371936
1.026157
1.958372
1.534296
2.016162
1.074121
2.997823
1.574476
1.738794
1.493960
1.002675
1.272176
1.644108
2.997823
1.958372
2.119781
1.584933
1.803633
1.387557
2.119781
1.425837
1.390557
1.803633
1.614257
1.958372
1.178294
1.577141
1.406448
2.119781
1.144584
1.227299
0.980005
1.253030
1.164332
1.707612
0.864424
0.902612
0.889546
1.906921
1.691812
1.253030
2.997823
1.547197
0.910579
1.958372
2.119781
2.997823
1.287035
1.277892
1.104974
1.468569
1.814054
1.595160
1.201351
1.432869
1.300668
1.644108
1.461791
1.459395
1.074121
0.786899
1.121504
0.861613
1.310316
2.520702
1.918764
2.298853
1.390455
1.530452
1.040973
1.725320
2.016162
2.016162
1.159256
2.119781
2.997823
1.185260
2.119781
1.112694
2.016162
1.814054
1.432869
2.016162
2.016162
2.119781
1.906921
1.958372
1.355260
1.483563
2.119781
1.753971
1.782405
1.288432
1.319407
1.562234
1.017961
0.856528
2.119781
1.958372
1.232205
2.016162
1.782405
0.926748
2.119781
1.419771
1.520702
1.707612
1.730794
0.973988
1.109233
1.225940
0.981460
2.016162
1.048879
1.439892
1.918764
2.016162
1.771822
1.024679
2.997823
1.705774
1.845713
1.235491
1.552590
1.595160
0.890465
1.504858
1.331194
1.430221
1.644108
0.951522
1.101701
2.119781
1.546057
2.997823
1.197964
1.687565
1.007627
1.845343
1.265181
1.552590
1.814054
2.119781
0.927640
1.501298
0.922688
1.367887
1.119724
1.074121
1.918764
1.918764
2.997823
1.295824
1.360435
1.459395
2.016162
2.997823
1.200195
1.293123
1.383739
1.845713
1.771822
2.016162
1.530452
1.197948
1.479738
0.992775
1.161550
1.284212
1.789872
1.167174
2.997823
1.157792
1.958372
1.918764
1.493962
0.927997
0.840854
2.016162
1.617004
1.627222
0.831765
1.100300
2.119781
2.119781
1.958372
1.300887
2.997823
2.016162
2.119781
2.016162
1.402220
1.501298
1.074121
1.725320
1.958372
2.997823
2.119781
1.341626
2.119781
2.119781
1.527902
1.958372
1.513406
1.514652
1.623219
1.102246
2.119781
2.016162
1.142436
2.016162
0.961639
1.219996
1.479405
2.016162
1.958372
1.338875
1.753971
2.119781
1.285047
1.355462
1.845713
1.918764
1.918764
1.523660
0.848021
1.364786
1.267050
2.016162
1.172025
2.997823
2.119781
2.119781
1.679351
1.845713
1.770307
1.644817
2.016162
1.789872
1.918764
0.695371
1.657420
1.139229
1.687565
1.384802
2.997823
1.388566
1.195285
0.861613
1.918764
0.807182
1.547197
2.016162
2.119781
1.279247
1.523859
1.707381
1.230287
1.100300
2.119781
1.165233
1.694060
1.585124
1.181516
2.696793
1.179598
0.790574
1.888893
1.402220
2.997823
1.102296
1.159840
0.610702
1.918764
1.245792
2.119781
1.261277
1.526012
1.761797
1.262447
2.119781
1.266147
1.574476
1.050485
1.958372
1.845713
2.016162
1.212479
2.119781
2.997823
1.466699
