1185 2.997823
21 1.498911 118 1.197882
157 1.498911 624 1.498911
195 0.472372 547 1.498911
78 0.840234 998 0.999274 1151 0.999274
438 1.348396 904 1.498911
711 1.498911 737 1.498911
479 0.999274 505 0.898931 658 0.999274
462 0.630175 708 0.455433 759 0.510895 765 0.363439
534 1.498911 675 1.348396
372 1.260351 724 1.348396
105 1.348396 119 0.808806
570 2.997823
218 1.260351 388 1.498911
469 1.498911 1105 1.498911
54 0.236674 843 0.999274 902 0.898931
113 0.840234 765 0.484585 1137 0.717575
493 0.506901 632 0.999274 1093 0.399494
595 1.498911 996 1.260351
265 0.898931 874 0.898931 911 0.999274
321 0.999274 765 0.484585 854 0.999274
75 1.260351 968 1.149426
869 1.498911 1087 1.348396
7 0.538181 274 0.749456 344 0.630175 1093 0.299621
280 0.898931 529 0.999274 765 0.484585
299 1.348396 800 1.348396
68 0.898931 780 0.573023 824 0.999274
54 0.177505 333 0.749456 1017 0.749456 1179 0.749456
366 1.348396 551 1.498911
263 1.348396 740 1.260351
173 1.498911 205 1.348396
425 1.498911 1114 1.260351
26 1.498911 47 1.348396
364 1.260351 1189 1.498911
783 0.898931 819 0.999274 988 0.999274
90 1.498911 981 1.498911
13 0.366586 566 0.435638 1063 0.598941 1128 0.598941
7 0.717575 357 0.739891 1048 0.627960
75 1.260351 531 1.348396
444 0.749456 566 0.435638 655 0.749456 1093 0.299621
920 2.997823
54 0.236674 415 0.999274 764 0.999274
54 0.236674 195 0.314915 265 0.898931
282 0.652143 761 0.607244 868 0.999274
37 1.498911 380 1.498911
195 0.314915 592 0.898931 770 0.617232
430 2.997823
218 1.260351 1205 1.498911
189 0.999274 262 0.898931 338 0.798588
347 0.999274 454 0.798588 1093 0.399494
512 1.260351 709 1.348396
437 1.498911 633 1.348396
111 0.999274 765 0.484585 834 0.999274
54 0.177505 838 0.749456 1089 0.749456 1153 0.749456
912 1.260351 972 1.348396
9 0.739891 336 0.898931 493 0.506901
54 0.236674 195 0.314915 877 0.999274
195 0.314915 770 0.617232 1155 0.898931
201 1.348396 793 1.498911
769 1.498911 897 1.260351
578 0.898931 1023 0.999274 1093 0.399494
54 0.236674 195 0.314915 1001 0.999274
54 0.142004 195 0.188949 535 0.599565 960 0.599565 1093 0.239697
43 0.630175 179 0.674198 396 0.749456 519 0.749456
806 1.348396 817 1.348396
248 1.498911 955 1.498911
54 0.177505 195 0.236186 266 0.674198 581 0.630175
54 0.118337 768 0.449465 889 0.499637 958 0.499637 1093 0.199747 1100 0.358788
1081 1.498911 1104 1.197882
670 2.997823
54 0.177505 195 0.236186 539 0.749456 1041 0.413850
622 1.498911 643 1.498911
946 1.498911 1137 1.076363
167 0.749456 387 0.749456 594 0.630175 1206 0.749456
81 0.898931 844 0.999274 1020 0.798588
54 0.236674 881 0.840234 1061 0.516888
54 0.177505 195 0.236186 270 0.674198 766 0.674198
129 0.999274 969 0.999274 1169 0.999274
322 1.498911 606 1.498911
342 0.798588 673 0.999274 1067 0.798588
110 0.599565 301 0.599565 411 0.599565 765 0.290751 1093 0.239697
291 1.348396 897 1.260351
449 0.999274 527 0.739891 1093 0.399494
310 1.348396 600 1.498911
9 0.739891 159 0.739891 363 0.798588
830 1.498911 842 1.260351
102 0.898931 136 0.898931 1093 0.399494
54 0.177505 195 0.236186 378 0.749456 653 0.749456
13 0.366586 195 0.236186 249 0.749456 605 0.749456
526 0.674198 644 1.197882 918 0.574713
456 0.674198 566 0.435638 1020 0.598941 1128 0.598941
17 0.385256 97 0.385256 235 0.428260 591 0.328408 667 0.428260 765 0.207679 818 0.428260
9 0.739891 1053 0.798588 1061 0.516888
609 0.925848 627 1.197882
195 0.472372 742 1.498911
168 2.997823
54 0.142004 242 0.599565 553 0.399565 856 0.599565 1167 0.599565
195 0.472372 726 1.498911
114 0.898931 486 0.766284 493 0.506901
610 1.498911 629 1.498911
336 1.348396 759 1.021791
54 0.236674 98 0.798588 141 0.999274
308 1.498911 644 1.197882
271 1.498911 311 1.498911
615 1.498911 1108 1.498911
477 1.260351 659 1.197882
201 1.348396 676 1.348396
386 0.998911 878 1.498911
674 1.498911 850 1.498911
54 0.177505 135 0.574713 543 0.630175 1077 0.749456
282 0.978215 873 0.941940
879 1.498911 1041 0.827700
385 0.749456 487 0.630175 545 0.749456 1109 0.489107
71 0.558535 880 0.999274 1009 0.898931
14 1.348396 405 1.498911
119 0.539204 280 0.898931 1041 0.551800
502 1.498911 870 1.047367
486 1.149426 1100 1.076363
183 1.498911 433 1.348396
54 0.236674 232 0.739891 1128 0.798588
78 0.630175 765 0.363439 886 0.674198 1093 0.299621
341 0.798588 803 0.898931 1061 0.516888
54 0.177505 286 0.674198 1094 0.749456 1104 0.598941
414 0.840234 1048 0.627960 1061 0.516888
134 0.840234 298 0.999274 1093 0.399494
246 0.999274 1100 0.717575 1180 0.898931
54 0.177505 195 0.236186 1072 0.749456 1084 0.749456
195 0.314915 663 0.999274 1164 0.999274
82 1.498911 435 1.197882
402 1.047367 1042 1.021791
75 1.260351 531 1.348396
599 1.498911 1141 1.498911
554 0.749456 566 0.435638 1091 0.749456 1093 0.299621
591 0.574713 738 0.674198 968 0.574713 1092 0.630175
54 0.236674 195 0.314915 1042 0.681194
115 2.997823
19 1.498911 267 1.348396
4 0.504140 54 0.142004 640 0.599565 1082 0.599565 1133 0.599565
523 0.999274 954 0.840234 1093 0.399494
486 1.149426 696 1.498911
2 0.418947 7 0.430545 712 0.599565 780 0.343814 845 0.539359
804 1.348396 810 1.498911
22 0.798588 54 0.236674 288 0.999274
119 0.404403 414 0.630175 763 0.554918 1041 0.413850
89 0.898931 394 0.898931 923 0.898931
1026 1.498911 1037 1.498911
54 0.177505 195 0.236186 266 0.674198 339 0.749456
71 0.558535 119 0.539204 871 0.999274
708 0.910866 1157 1.348396
158 1.348396 1069 1.498911
386 0.998911 679 1.498911
309 0.674198 456 0.674198 566 0.435638 1138 0.749456
392 2.997823
372 1.260351 1042 1.021791
231 1.348396 461 1.076363
54 0.236674 195 0.314915 391 0.999274
205 0.898931 420 0.898931 734 0.840234
2 0.418947 493 0.304140 765 0.290751 833 0.599565 1163 0.479153
357 0.739891 778 0.898931 1063 0.798588
13 0.293269 54 0.142004 84 0.443934 209 0.504140 873 0.376776
153 1.498911 349 1.498911
691 2.997823
54 0.177505 169 0.630175 395 0.554918 651 0.538181
80 0.898931 765 0.484585 1100 0.717575
54 0.236674 723 0.999274 825 0.580850
353 1.348396 995 1.498911
54 0.177505 195 0.236186 398 0.749456 1087 0.674198
54 0.473347 872 0.999274
119 0.808806 683 1.197882
162 0.798588 765 0.484585 832 0.999274
603 0.749456 618 0.674198 765 0.363439 1093 0.299621
452 1.498911 1061 0.775332
916 2.696793
453 0.999274 1192 0.898931 1196 0.999274
374 1.498911 448 1.498911
436 1.498911 442 1.498911
777 1.149426 1036 1.197882
54 0.236674 195 0.314915 238 0.999274
461 1.076363 864 1.109836
1 0.674198 54 0.177505 107 0.574713 974 0.630175
54 0.236674 780 0.573023 845 0.898931
708 0.910866 1199 0.818048
48 0.999274 119 0.539204 1041 0.551800
454 0.798588 507 0.898931 1207 0.999274
335 1.498911 731 1.498911
500 0.681194 763 0.739891 825 0.580850
626 1.498911 1019 1.197882
574 2.997823
514 1.197882 601 1.498911
665 0.978215 734 1.260351
414 0.840234 541 0.898931 761 0.607244
54 0.177505 395 0.554918 651 0.538181 1042 0.510895
263 1.348396 825 0.871275
54 0.236674 590 0.999274 902 0.898931
557 1.348396 947 1.498911
195 0.472372 607 1.498911
161 1.498911 211 1.498911
232 1.109836 402 1.047367
687 0.698244 708 0.607244 780 0.573023
229 1.498911 357 1.109836
482 0.999274 721 0.898931 765 0.484585
22 0.798588 54 0.236674 353 0.898931
348 1.498911 611 1.348396
798 1.197882 1057 1.498911
54 0.142004 62 0.599565 195 0.188949 382 0.599565 553 0.399565
199 0.798588 1067 0.798588 1180 0.898931
1047 2.997823
273 1.498911 1052 1.109836
623 2.997823
356 1.260351 373 1.498911
225 1.348396 1170 1.498911
608 0.898931 645 0.999274 719 0.999274
54 0.236674 195 0.314915 1053 0.798588
54 0.177505 107 0.574713 272 0.674198 703 0.749456
54 0.177505 195 0.236186 577 0.749456 972 0.674198
661 1.149426 794 1.076363
93 1.149426 1083 1.498911
498 1.348396 1020 1.197882
83 0.999274 186 0.999274 312 0.999274
857 0.999274 912 0.840234 938 0.999274
1172 2.997823
144 1.498911 146 1.498911
642 1.498911 929 1.498911
54 0.236674 598 0.999274 1034 0.840234
514 1.197882 794 1.076363
2 0.698244 493 0.506901 1058 0.898931
54 0.236674 195 0.314915 326 0.999274
81 0.898931 457 0.999274 846 0.798588
576 0.749456 1014 0.749456 1035 0.749456 1093 0.299621
357 1.109836 1056 1.348396
1116 1.498911 1121 1.498911
54 0.177505 195 0.236186 651 0.538181 1063 0.598941
195 0.472372 331 1.498911
765 0.363439 862 0.674198 1100 0.538181 1137 0.538181
761 0.607244 798 0.798588 870 0.698244
386 0.665941 1048 0.627960 1061 0.516888
504 0.999274 571 0.898931 689 0.898931
54 0.236674 195 0.314915 757 0.999274
54 0.177505 195 0.236186 647 0.749456 698 0.749456
513 2.696793
375 0.749456 774 0.749456 970 0.749456 1093 0.299621
44 1.498911 148 1.498911
13 0.488781 118 0.798588 959 0.999274
54 0.177505 395 0.554918 651 0.538181 826 0.574713
119 0.539204 357 0.739891 1042 0.681194
665 0.652143 1095 0.898931 1209 0.999274
340 1.348396 873 0.941940
290 1.348396 825 0.871275
54 0.236674 195 0.314915 1034 0.840234
789 1.498911 792 1.348396
58 0.459771 666 0.539359 796 0.418947 873 0.376776 1204 0.479153
500 1.021791 825 0.871275
474 1.498911 625 1.498911
36 0.674198 54 0.177505 98 0.598941 236 0.674198
159 0.739891 363 0.798588 609 0.617232
447 2.997823
54 0.236674 195 0.314915 530 0.999274
54 0.236674 184 0.840234 195 0.314915
1104 2.395763
54 0.177505 135 0.574713 486 0.574713 553 0.499456
957 0.898931 1093 0.399494 1144 0.999274
32 1.260351 1199 0.818048
431 1.498911 797 1.260351
291 1.348396 968 1.149426
6 0.674198 114 0.674198 355 0.574713 708 0.455433
13 0.366586 84 0.554918 665 0.489107 961 0.630175
435 0.598941 756 0.554918 926 0.674198 1112 0.598941
520 1.498911 913 1.348396
54 0.142004 493 0.304140 597 0.539359 1093 0.239697 1111 0.539359
386 0.665941 402 0.698244 794 0.717575
796 1.047367 1199 0.818048
2 0.523683 765 0.363439 875 0.554918 1061 0.387666
184 1.260351 905 1.348396
73 0.999274 527 0.739891 566 0.580850
54 0.236674 334 0.766284 521 0.999274
54 0.236674 195 0.314915 204 0.999274
181 0.898931 195 0.314915 443 0.999274
54 0.236674 324 0.999274 337 0.798588
176 1.498911 195 0.472372
286 1.348396 1018 1.498911
54 0.236674 85 0.999274 195 0.314915
803 1.348396 993 1.498911
166 0.999274 756 0.739891 780 0.573023
627 1.197882 1051 1.149426
122 0.749456 202 0.749456 289 0.749456 770 0.462924
234 2.997823
5 1.498911 493 0.760351
428 1.498911 1157 1.348396
13 0.488781 665 0.652143 825 0.580850
45 0.999274 756 0.739891 797 0.840234
269 1.498911 1041 0.827700
13 0.293269 493 0.304140 842 0.504140 983 0.599565 1182 0.599565
583 0.999274 692 0.999274 1139 0.999274
433 1.348396 500 1.021791
996 1.260351 1199 0.818048
98 1.197882 1015 1.498911
22 1.197882 682 1.260351
825 0.871275 1200 1.498911
887 1.021791 1061 0.775332
35 0.999274 54 0.236674 346 0.840234
39 0.674198 195 0.236186 561 0.749456 635 0.749456
54 0.177505 195 0.236186 1034 0.630175 1093 0.299621
13 0.293269 344 0.504140 566 0.348510 733 0.599565 863 0.599565
560 1.498911 1074 1.498911
54 0.177505 195 0.236186 232 0.554918 493 0.380175
13 0.366586 765 0.363439 1056 1.348396
95 1.348396 359 1.260351
71 0.558535 665 0.652143 763 0.739891
282 0.978215 459 1.498911
489 0.898931 951 0.999274 1193 0.698244
54 0.236674 1064 0.999274 1166 0.999274
299 1.348396 836 1.149426
54 0.177505 565 0.630175 687 0.523683 708 0.455433
102 0.898931 103 0.999274 119 0.539204
756 0.739891 825 0.580850 870 0.698244
968 1.149426 1114 1.260351
54 0.142004 71 0.335121 550 0.539359 553 0.399565 1162 0.599565
747 1.498911 1061 0.775332
724 1.348396 1120 1.498911
38 0.999274 470 0.840234 1078 0.898931
267 0.898931 851 0.999274 1093 0.399494
135 0.766284 665 0.652143 1191 0.999274
54 0.177505 162 0.598941 195 0.236186 553 0.499456
800 0.898931 943 0.999274 967 0.999274
772 1.197882 864 1.109836
185 0.999274 716 0.999274 1006 0.999274
58 0.574713 873 0.470970 1004 0.749456 1204 0.598941
54 0.177505 195 0.236186 341 0.598941 831 0.749456
13 0.244391 409 0.499637 477 0.420117 527 0.369945 770 0.308616 846 0.399294
344 2.520702
63 0.999274 70 0.999274 1093 0.399494
219 1.498911 1128 1.197882
30 0.999274 54 0.236674 195 0.314915
870 1.047367 1061 0.775332
123 1.260351 660 1.498911
2 0.523683 500 0.510895 540 0.538181 1109 0.489107
54 0.236674 361 0.999274 684 0.999274
54 0.177505 241 0.749456 777 0.574713 953 0.630175
54 0.177505 71 0.418901 195 0.236186 891 0.749456
662 1.260351 840 1.498911
66 1.498911 565 1.260351
661 1.149426 982 1.197882
2 1.047367 1201 1.498911
54 0.177505 195 0.236186 369 0.749456 1100 0.538181
13 0.293269 119 0.323522 566 0.348510 870 0.418947 1041 0.331080
839 2.997823
13 0.366586 310 0.674198 533 0.749456 770 0.462924
746 0.749456 780 0.429767 858 0.674198 1049 0.598941
725 2.696793
912 0.840234 921 0.999274 1093 0.399494
29 0.999274 54 0.236674 989 0.898931
438 1.348396 468 1.498911
2 0.698244 636 0.999274 665 0.652143
825 0.871275 864 1.109836
240 1.348396 295 1.498911
458 2.997823
338 0.798588 761 0.607244 1100 0.717575
123 1.260351 842 1.260351
616 1.498911 1000 1.260351
461 0.717575 1041 0.551800 1093 0.399494
814 1.498911 1148 1.348396
214 0.999274 894 0.999274 1088 0.999274
686 0.798588 1061 0.516888 1093 0.399494
337 1.197882 686 1.197882
159 0.739891 796 0.698244 1016 0.999274
54 0.236674 195 0.314915 384 0.999274
424 1.197882 730 1.498911
54 0.177505 659 0.598941 741 0.749456 1033 0.749456
352 0.840234 641 0.840234 765 0.484585
978 1.076363 1022 1.260351
54 0.177505 119 0.404403 195 0.236186 776 0.630175
1048 0.941940 1146 1.498911
355 0.766284 536 0.999274 686 0.798588
54 0.236674 195 0.314915 695 0.999274
761 0.607244 1093 0.399494 1137 0.717575
71 0.837802 750 1.348396
780 0.859534 1187 1.498911
609 0.925848 627 1.197882
142 2.997823
416 2.997823
177 0.999274 370 0.999274 770 0.617232
54 0.236674 195 0.314915 571 0.898931
179 0.898931 1093 0.399494 1096 0.898931
71 0.837802 922 1.260351
1202 2.997823
138 0.749456 740 0.630175 978 0.538181 1199 0.409024
155 0.749456 488 0.749456 765 0.363439 807 0.749456
174 1.348396 1137 1.076363
749 0.840234 966 0.999274 1093 0.399494
828 2.997823
119 0.808806 268 1.498911
224 1.498911 609 0.925848
548 0.999274 883 0.840234 1126 0.898931
54 0.236674 76 0.999274 979 0.766284
634 0.999274 942 0.999274 1093 0.399494
13 0.366586 84 0.554918 188 0.749456 1109 0.489107
500 1.021791 1048 0.941940
119 0.808806 1054 1.498911
277 1.348396 895 1.348396
3 1.498911 1025 1.498911
713 2.997823
54 0.177505 195 0.236186 493 0.380175 974 0.630175
316 1.498911 905 1.348396
54 0.177505 195 0.236186 441 0.749456 1093 0.299621
187 0.999274 633 0.898931 1140 0.999274
400 1.498911 1159 1.197882
124 1.348396 1136 1.348396
54 0.236674 552 0.999274 1158 0.999274
393 0.749456 1000 0.630175 1193 0.523683 1199 0.409024
493 0.760351 718 1.498911
256 1.498911 1007 1.197882
484 0.749456 609 0.462924 665 0.489107 727 0.674198
1 0.674198 54 0.177505 107 0.574713 953 0.630175
562 1.498911 759 1.021791
192 1.348396 420 1.348396
54 0.177505 93 0.574713 772 0.598941 1210 0.749456
41 1.348396 780 0.859534
500 1.021791 1062 1.498911
284 1.498911 1194 1.498911
956 0.999274 1071 0.898931 1109 0.652143
54 0.236674 98 0.798588 195 0.314915
54 0.236674 195 0.314915 580 0.999274
190 2.997823
355 1.149426 708 0.910866
54 0.177505 195 0.236186 582 0.630175 1052 0.554918
935 1.498911 945 1.498911
762 1.498911 907 1.498911
159 0.739891 170 0.999274 346 0.840234
677 0.999274 687 0.698244 693 0.898931
875 1.109836 1123 0.910866
329 0.999274 976 0.999274 1042 0.681194
74 0.428260 357 0.317096 394 0.385256 707 0.342252 759 0.291940 765 0.207679 895 0.385256
687 0.523683 705 0.674198 1048 0.470970 1061 0.387666
281 1.197882 826 1.149426
700 1.197882 780 0.859534
54 0.236674 796 0.698244 825 0.580850
11 0.999274 233 0.898931 641 0.840234
419 1.498911 454 1.197882
71 0.558535 483 0.898931 932 0.999274
646 0.999274 1021 0.999274 1122 0.999274
682 1.260351 780 0.859534
841 1.498911 1125 1.197882
27 0.749456 54 0.177505 661 0.574713 1130 0.749456
358 0.999274 780 0.573023 1098 0.999274
772 1.197882 1145 1.498911
13 0.244391 54 0.118337 65 0.499637 93 0.383142 294 0.499637 965 0.499637
866 2.997823
95 1.348396 493 0.760351
23 0.840234 1051 0.766284 1109 0.652143
383 0.999274 446 0.999274 524 0.999274
687 1.047367 1159 1.197882
54 0.236674 735 0.898931 1199 0.545365
105 1.348396 848 1.498911
1049 1.197882 1186 1.498911
199 1.197882 669 1.348396
54 0.236674 559 0.999274 931 0.999274
54 0.142004 125 0.599565 195 0.188949 918 0.459771 1123 0.364346
500 1.021791 722 1.348396
494 0.999274 765 0.484585 1178 0.999274
359 1.260351 432 1.348396
492 1.348396 671 1.498911
467 0.999274 609 0.617232 1041 0.551800
54 0.236674 195 0.314915 811 0.999274
69 1.498911 1119 1.498911
345 0.999274 613 0.999274 771 0.898931
40 0.504140 58 0.459771 135 0.459771 493 0.304140 1204 0.479153
659 1.197882 795 1.498911
232 0.739891 432 0.898931 738 0.898931
54 0.236674 278 0.999274 809 0.999274
54 0.236674 412 0.999274 490 0.840234
47 0.898931 54 0.236674 936 0.999274
195 0.314915 517 0.999274 913 0.898931
493 0.760351 798 1.197882
119 0.808806 992 1.348396
54 0.236674 849 0.999274 1096 0.898931
119 0.269602 566 0.290425 804 0.449465 961 0.420117 1042 0.340597 1068 0.383142
283 1.498911 513 1.348396
743 1.498911 1080 1.260351
282 0.978215 681 1.498911
620 0.749456 771 0.674198 1093 0.299621 1190 0.749456
566 0.435638 693 0.674198 694 0.749456 1093 0.299621
821 1.498911 963 1.348396
199 0.798588 749 0.840234 827 0.999274
54 0.236674 195 0.314915 1041 0.551800
690 1.498911 1106 1.348396
14 0.898931 54 0.236674 107 0.766284
169 0.840234 669 0.898931 1112 0.798588
341 1.197882 922 1.260351
71 0.418901 319 0.749456 354 0.749456 755 0.674198
402 0.698244 540 0.717575 794 0.717575
247 0.999274 1042 0.681194 1099 0.999274
58 0.766284 121 0.840234 867 0.898931
1048 0.941940 1199 0.818048
281 0.798588 514 0.798588 865 0.898931
461 0.717575 864 0.739891 1093 0.399494
34 1.498911 128 1.498911
761 0.910866 798 1.197882
424 1.197882 1184 1.348396
24 1.260351 478 1.498911
363 1.197882 794 1.076363
56 1.498911 461 1.076363
54 0.177505 118 0.598941 195 0.236186 1003 0.674198
119 0.808806 714 1.498911
18 0.898931 708 0.607244 968 0.766284
403 2.520702
99 0.599565 532 0.599565 537 0.599565 591 0.459771 783 0.539359
40 0.630175 135 0.574713 429 0.749456 1171 0.749456
922 1.260351 1123 0.910866
13 0.488781 493 0.506901 1041 0.551800
360 0.840234 1076 0.999274 1093 0.399494
264 0.840234 527 0.739891 763 0.739891
346 0.840234 544 0.999274 806 0.898931
133 0.898931 918 0.766284 1007 0.798588
403 1.260351 720 1.260351
54 0.284008 71 0.335121 195 0.188949 609 0.370339
13 0.366586 84 0.554918 160 0.630175 454 0.598941
119 0.404403 487 0.630175 900 0.749456 1109 0.489107
875 1.109836 1199 0.818048
781 0.999274 898 0.999274 903 0.999274
54 0.177505 195 0.236186 952 0.749456 954 0.630175
13 0.488781 493 0.506901 883 0.840234
352 1.260351 788 1.498911
402 1.047367 649 1.498911
54 0.236674 367 0.840234 914 0.999274
786 2.997823
899 1.498911 930 1.498911
158 1.348396 493 0.760351
193 1.498911 678 1.498911
372 1.260351 1132 1.498911
13 0.293269 84 0.443934 160 0.504140 720 0.504140 861 0.599565
812 1.498911 870 1.047367
54 0.236674 195 0.314915 1129 0.840234
481 2.997823
919 2.997823
54 0.177505 160 0.630175 195 0.236186 680 0.749456
43 0.840234 460 0.999274 756 0.739891
10 0.999274 233 0.898931 641 0.840234
367 0.840234 765 0.484585 875 0.739891
212 0.798588 315 0.999274 765 0.484585
54 0.177505 195 0.236186 777 0.574713 1036 0.598941
89 1.348396 992 1.348396
499 0.599565 611 0.539359 765 0.290751 934 0.599565 1093 0.239697
343 1.498911 707 1.197882
792 1.348396 884 1.498911
195 0.236186 511 0.674198 975 0.674198 1101 0.749456
9 0.739891 734 0.840234 765 0.484585
216 1.498911 778 1.348396
25 2.696793
54 0.142004 79 0.599565 212 0.479153 493 0.304140 1093 0.239697
706 1.498911 1036 1.197882
825 0.871275 870 1.047367
113 0.840234 162 0.798588 417 0.898931
7 0.717575 119 0.539204 752 0.840234
106 1.498911 1154 1.498911
13 0.488781 231 0.898931 493 0.506901
54 0.177505 195 0.236186 581 0.630175 1199 0.409024
119 0.404403 770 0.462924 1029 0.749456 1041 0.413850
1168 2.997823
119 0.808806 1199 0.818048
593 1.498911 685 1.348396
192 1.348396 1106 1.348396
130 1.498911 1183 1.498911
386 0.665941 1163 0.798588 1198 0.999274
455 0.798588 925 0.898931 1193 0.698244
150 0.599565 940 0.504140 1093 0.239697 1109 0.391286 1188 0.599565
23 0.840234 54 0.236674 360 0.840234
100 1.498911 941 1.498911
133 0.898931 466 0.898931 918 0.766284
450 0.999274 493 0.506901 497 0.999274
54 0.236674 195 0.314915 1136 0.898931
13 0.293269 54 0.142004 334 0.459771 351 0.599565 644 0.479153
54 0.142004 121 0.504140 162 0.479153 318 0.599565 334 0.459771
220 0.999274 978 0.717575 1093 0.399494
408 1.498911 885 1.498911
54 0.236674 195 0.314915 975 0.898931
739 1.498911 978 1.076363
503 1.498911 799 1.498911
54 0.177505 93 0.574713 395 0.554918 651 0.538181
225 1.348396 897 1.260351
54 0.236674 735 0.898931 1199 0.545365
178 0.999274 984 0.999274 1045 0.999274
916 2.696793
54 0.236674 195 0.314915 1090 0.999274
54 0.142004 195 0.188949 1073 0.599565 1103 0.599565 1110 0.599565
165 2.997823
119 0.539204 1041 0.551800 1199 0.545365
12 0.599565 159 0.443934 363 0.479153 761 0.364346 1051 0.459771
589 0.898931 765 0.484585 1052 0.739891
376 2.997823
217 1.498911 422 1.498911
13 0.366586 195 0.236186 328 0.749456 748 0.749456
31 0.898931 54 0.236674 402 0.698244
131 1.348396 886 1.348396
399 0.999274 1041 0.551800 1093 0.399494
54 0.236674 67 0.999274 97 0.898931
1061 0.516888 1097 0.898931 1148 0.898931
54 0.236674 195 0.314915 1052 0.739891
493 0.506901 717 1.998549
7 0.430545 54 0.142004 195 0.188949 386 0.399565 873 0.376776
13 0.366586 608 0.674198 996 0.630175 1061 0.387666
558 1.498911 1123 0.910866
462 1.260351 662 1.260351
54 0.236674 209 0.840234 390 0.999274
759 1.021791 1173 1.348396
54 0.236674 195 0.314915 507 0.898931
36 0.674198 54 0.177505 893 0.749456 1041 0.413850
656 1.260351 688 1.348396
17 0.898931 761 0.607244 887 0.681194
493 0.506901 761 0.607244 1193 0.698244
664 0.999274 864 0.739891 982 0.798588
92 0.999274 156 0.898931 1093 0.399494
493 0.760351 1199 0.818048
140 1.498911 493 0.760351
54 0.236674 687 0.698244 780 0.573023
54 0.236674 195 0.314915 330 0.999274
381 1.260351 752 1.260351
753 1.498911 978 1.076363
68 0.898931 381 0.840234 708 0.607244
512 1.260351 709 1.348396
218 1.260351 829 1.498911
1093 0.399494 1134 0.999274 1142 0.999274
71 0.558535 221 0.999274 1093 0.399494
227 0.898931 287 0.999274 1093 0.399494
24 1.260351 262 1.348396
568 0.999274 609 0.617232 796 0.698244
54 0.236674 195 0.314915 451 0.999274
13 0.366586 566 0.435638 1041 0.413850 1068 0.574713
971 2.997823
54 0.177505 195 0.236186 212 0.598941 954 0.630175
54 0.236674 134 0.840234 881 0.840234
522 0.798588 805 0.840234 1093 0.399494
1068 1.149426 1070 1.498911
46 0.599565 54 0.142004 553 0.399565 744 0.599565 962 0.599565
156 1.348396 397 1.498911
39 1.348396 149 1.498911
54 0.236674 260 0.999274 360 0.840234
476 1.498911 801 1.498911
94 1.260351 1173 1.348396
282 0.978215 1085 1.498911
779 1.498911 1010 1.348396
54 0.177505 71 0.418901 195 0.236186 264 0.630175
493 0.506901 575 0.999274 780 0.573023
54 0.236674 195 0.314915 213 0.999274
619 0.999274 740 0.840234 873 0.627960
999 2.997823
54 0.236674 195 0.314915 1010 0.898931
356 2.520702
71 0.418901 87 0.749456 933 0.749456 1093 0.299621
715 1.498911 1067 1.197882
197 0.999274 566 0.580850 940 0.840234
54 0.177505 195 0.236186 870 0.523683 887 0.510895
994 2.997823
54 0.177505 665 0.489107 720 0.630175 1203 0.749456
54 0.236674 208 0.999274 334 0.766284
54 0.236674 107 0.766284 1013 0.999274
94 0.840234 609 0.617232 1041 0.551800
54 0.236674 195 0.314915 491 0.999274
77 1.498911 272 1.348396
84 0.739891 171 0.999274 656 0.840234
338 0.798588 908 0.999274 1049 0.798588
71 0.837802 582 1.260351
13 0.366586 770 0.462924 777 0.574713 1135 0.749456
796 0.698244 1067 0.798588 1109 0.652143
54 0.177505 195 0.236186 366 0.674198 1123 0.455433
54 0.177505 309 0.674198 979 0.574713 1043 0.749456
773 2.997823
297 0.749456 541 0.674198 656 0.630175 1020 0.598941
134 1.260351 596 1.498911
194 1.498911 1027 1.498911
672 1.498911 1022 1.260351
627 1.197882 638 1.498911
780 0.859534 1061 0.775332
700 1.197882 858 1.348396
825 0.871275 1039 1.498911
25 1.348396 567 1.498911
54 0.236674 500 0.681194 631 0.898931
93 1.149426 340 1.348396
54 0.177505 195 0.236186 702 0.749456 1059 0.630175
13 0.366586 207 0.749456 836 0.574713 883 0.630175
54 0.236674 196 0.898931 896 0.999274
54 0.236674 751 0.999274 1199 0.545365
736 1.498911 944 1.498911
200 1.498911 906 1.498911
119 0.808806 1055 1.498911
404 2.997823
54 0.177505 195 0.236186 982 0.598941 1019 0.598941
54 0.236674 195 0.314915 761 0.607244
195 0.314915 511 0.898931 989 0.898931
707 1.197882 1068 1.149426
13 0.733172 1149 1.498911
985 0.898931 1041 0.551800 1093 0.399494
341 0.798588 707 0.798588 1061 0.516888
515 0.999274 765 0.484585 1061 0.516888
342 1.197882 909 1.498911
54 0.236674 180 0.999274 881 0.840234
13 0.366586 578 0.674198 846 0.598941 853 0.749456
126 1.498911 675 1.348396
617 1.498911 873 0.941940
54 0.236674 195 0.314915 1041 0.551800
223 1.498911 1152 1.498911
279 0.999274 480 0.999274 566 0.580850
119 0.808806 257 1.348396
407 1.498911 1005 1.498911
285 0.999274 708 0.607244 1059 0.840234
239 0.999274 540 0.717575 1123 0.607244
54 0.142004 395 0.443934 651 0.430545 987 0.599565 1071 0.539359
184 1.260351 237 1.498911
9 0.739891 16 0.898931 259 0.999274
41 1.348396 587 1.498911
54 0.236674 61 0.999274 195 0.314915
602 2.997823
424 1.197882 500 1.021791
700 1.197882 1022 1.260351
42 0.999274 665 0.652143 1095 0.898931
765 0.363439 873 0.470970 948 0.749456 1093 0.299621
13 0.488781 770 0.617232 775 0.999274
151 0.999274 543 0.840234 767 0.999274
782 2.997823
582 1.260351 927 1.498911
639 1.498911 1066 1.498911
7 0.717575 555 0.999274 729 0.999274
689 1.348396 1112 1.197882
206 0.749456 270 0.674198 766 0.674198 874 0.674198
332 1.498911 1150 1.498911
685 0.898931 1051 0.766284 1159 0.798588
71 0.837802 763 1.109836
6 1.348396 686 1.197882
1093 0.599241 1176 1.498911
264 1.260351 937 1.498911
13 0.488781 123 0.840234 386 0.665941
1126 1.348396 1199 0.818048
108 0.898931 759 0.681194 1000 0.840234
758 1.498911 1031 1.498911
296 0.898931 765 0.484585 1061 0.516888
609 0.617232 687 0.698244 1063 0.798588
54 0.142004 195 0.188949 768 0.539359 917 0.599565 961 0.504140
54 0.236674 835 0.898931 1129 0.840234
54 0.177505 91 0.749456 174 0.674198 232 0.554918
20 1.498911 1199 0.818048
54 0.118337 820 0.499637 852 0.499637 1093 0.399494 1199 0.272682
54 0.177505 72 0.630175 195 0.236186 661 0.574713
54 0.177505 195 0.236186 498 0.674198 553 0.499456
589 1.348396 705 1.348396
16 1.348396 1042 1.021791
54 0.236674 121 0.840234 835 0.898931
182 2.997823
526 0.898931 528 0.999274 918 0.766284
54 0.142004 113 0.504140 195 0.188949 485 0.599565 553 0.399565
475 1.498911 1080 1.260351
362 1.498911 876 1.498911
15 2.997823
700 0.798588 770 0.617232 1125 0.798588
566 0.580850 666 0.898931 796 0.698244
71 0.418901 367 0.630175 540 0.538181 1163 0.598941
96 0.999274 837 0.999274 1093 0.399494
759 1.021791 816 1.498911
9 0.739891 172 0.999274 1024 0.999274
71 0.558535 665 0.652143 1092 0.840234
54 0.236674 1075 0.999274 1102 0.999274
240 0.898931 540 0.717575 708 0.607244
53 0.999274 112 0.999274 940 0.840234
71 0.837802 659 1.197882
512 0.840234 859 0.999274 1109 0.652143
54 0.236674 195 0.314915 210 0.999274
54 0.236674 195 0.314915 887 0.681194
13 0.366586 196 0.674198 770 0.462924 1131 0.674198
54 0.236674 195 0.314915 1068 0.766284
708 0.910866 1048 0.941940
169 2.520702
327 1.498911 522 1.197882
486 2.298853
455 0.798588 755 0.898931 796 0.698244
501 0.999274 1011 0.840234 1125 0.798588
54 0.177505 131 0.674198 395 0.554918 651 0.538181
466 1.348396 1137 1.076363
228 1.498911 1175 1.348396
542 1.498911 688 1.348396
566 0.580850 761 0.607244 1019 0.798588
910 1.498911 915 1.498911
823 2.997823
759 0.681194 765 0.484585 1181 0.840234
255 1.498911 276 1.498911
421 0.749456 612 0.674198 765 0.363439 1093 0.299621
1078 1.348396 1107 1.498911
588 1.498911 887 1.021791
54 0.236674 191 0.999274 1118 0.999274
822 1.498911 865 1.348396
222 1.498911 585 1.348396
163 1.498911 175 1.498911
750 1.348396 1050 1.348396
594 1.260351 882 1.498911
119 0.539204 472 0.999274 527 0.739891
145 0.999274 721 0.898931 873 0.627960
518 1.498911 815 1.498911
440 1.498911 761 0.910866
28 1.260351 462 1.260351
59 0.999274 1048 0.627960 1061 0.516888
57 0.749456 195 0.236186 203 0.749456 292 0.749456
147 0.999274 386 0.665941 508 0.999274
139 0.749456 195 0.236186 493 0.380175 1193 0.523683
591 0.510856 594 0.280078 756 0.246630 780 0.191008 888 0.333091 1009 0.299644 1092 0.280078 1093 0.133165
1156 1.498911 1165 1.498911
137 1.498911 953 1.260351
683 0.598941 704 0.674198 805 0.630175 875 0.554918
252 1.498911 277 1.348396
776 1.260351 1012 1.260351
7 0.538181 54 0.177505 979 0.574713 1123 0.455433
699 1.498911 847 1.498911
461 1.076363 609 0.925848
493 1.520702
406 1.498911 1199 0.818048
628 0.999274 924 0.999274 1115 0.999274
687 0.418947 802 0.599565 1048 0.376776 1061 0.310133 1193 0.418947
54 0.236674 826 0.766284 979 0.766284
303 0.749456 566 0.435638 825 0.435638 986 0.749456
54 0.236674 195 0.314915 1003 0.898931
257 1.348396 579 1.498911
13 0.366586 423 0.749456 770 0.462924 825 0.435638
251 0.999274 1011 0.840234 1123 0.607244
212 1.197882 710 1.498911
492 1.348396 510 1.498911
325 1.348396 836 1.149426
13 0.366586 282 0.489107 873 0.470970 990 0.674198
471 2.997823
355 1.149426 381 1.260351
78 1.260351 612 1.348396
108 0.898931 609 0.617232 825 0.580850
4 0.840234 356 0.840234 991 0.999274
117 0.999274 495 0.999274 527 0.739891
54 0.236674 195 0.314915 342 0.798588
337 1.197882 1123 0.910866
435 0.598941 487 0.630175 557 0.674198 1044 0.749456
13 0.488781 226 0.999274 505 0.898931
427 0.999274 797 0.840234 1046 0.999274
13 0.293269 54 0.142004 209 0.504140 592 0.539359 749 0.504140
770 0.617232 887 0.681194 1123 0.607244
496 1.498911 584 1.498911
232 1.109836 1137 1.076363
1143 2.997823
31 0.674198 683 0.598941 985 0.674198 1199 0.409024
701 1.498911 1061 0.775332
244 0.499637 386 0.332970 435 0.399294 470 0.420117 1112 0.399294 1163 0.399294
250 1.498911 540 1.076363
493 0.506901 752 0.840234 1036 0.798588
490 0.840234 805 0.840234 997 0.999274
887 1.021791 1147 1.498911
350 1.498911 785 1.498911
493 0.506901 761 0.607244 765 0.484585
18 0.898931 683 0.798588 704 0.898931
1048 0.627960 1093 0.399494 1199 0.545365
337 0.798588 637 0.999274 765 0.484585
54 0.177505 334 0.574713 355 0.574713 668 0.749456
54 0.236674 195 0.314915 305 0.999274
304 1.498911 1159 1.197882
60 1.498911 846 1.197882
401 2.997823
24 0.840234 1012 0.840234 1061 0.516888
32 0.630175 313 0.749456 591 0.574713 621 0.749456
1109 0.652143 1181 0.840234 1195 0.999274
377 1.498911 648 1.348396
1174 2.997823
0 0.749456 2 0.523683 94 0.630175 1123 0.455433
54 0.236674 597 0.898931 1111 0.898931
875 0.739891 964 0.999274 1123 0.607244
28 1.260351 923 1.348396
631 1.348396 1051 1.149426
325 1.348396 389 1.498911
514 0.798588 654 0.999274 974 0.840234
281 0.798588 772 0.798588 1093 0.399494
72 1.260351 1061 0.775332
8 0.499637 54 0.118337 227 0.449465 553 0.332970 1053 0.399294 1197 0.499637
54 0.236674 403 0.840234 979 0.766284
455 0.598941 650 0.749456 925 0.674198 1193 0.523683
282 0.978215 549 1.498911
54 0.177505 64 0.749456 1002 0.749456 1123 0.455433
657 2.997823
49 0.749456 281 0.598941 826 0.574713 1093 0.299621
434 1.498911 477 1.260351
371 1.498911 982 1.197882
302 0.999274 765 0.484585 939 0.999274
54 0.236674 195 0.314915 364 0.840234
54 0.177505 195 0.236186 522 0.598941 887 0.510895
258 1.498911 648 1.348396
143 0.898931 586 0.999274 862 0.898931
708 0.910866 926 1.348396
54 0.177505 195 0.236186 761 0.455433 1012 0.630175
54 0.177505 195 0.236186 516 0.749456 892 0.749456
88 1.498911 928 1.498911
808 1.498911 973 1.498911
72 1.260351 1032 1.498911
54 0.236674 1060 0.999274 1125 0.798588
980 2.997823
52 1.348396 245 1.498911
293 1.498911 564 1.498911
50 1.348396 426 1.498911
745 0.999274 963 0.898931 1093 0.399494
236 0.898931 522 0.798588 550 0.898931
54 0.236674 195 0.314915 198 0.999274
290 1.348396 978 1.076363
365 1.498911 1080 1.260351
132 2.997823
243 1.498911 439 1.498911
253 0.999274 825 0.580850 887 0.681194
1040 1.498911 1065 1.498911
120 1.498911 445 1.498911
566 0.580850 614 0.999274 697 0.999274
784 1.498911 1114 1.260351
71 0.837802 364 1.260351
33 0.999274 489 0.898931 1193 0.698244
317 0.999274 546 0.999274 644 0.798588
86 0.499637 463 0.499637 506 0.499637 543 0.420117 572 0.499637 1093 0.199747
154 1.498911 556 1.498911
127 1.498911 136 1.348396
54 0.177505 569 0.749456 1061 0.387666 1208 0.749456
164 1.498911 817 1.348396
54 0.118337 275 0.499637 314 0.499637 417 0.449465 553 0.332970 873 0.313980
1048 0.941940 1061 0.775332
282 0.978215 1052 1.109836
525 1.498911 1131 1.348396
410 1.498911 581 1.260351
708 0.607244 950 0.999274 1109 0.652143
465 1.498911 1123 0.910866
101 1.498911 890 1.498911
254 0.898931 461 0.717575 780 0.573023
4 0.840234 282 0.652143 1129 0.840234
565 1.260351 990 1.348396
977 1.498911 1104 1.197882
760 1.498911 1053 1.197882
563 0.999274 978 0.717575 1058 0.898931
54 0.142004 124 0.539359 195 0.188949 776 0.504140 780 0.343814
54 0.236674 181 0.898931 901 0.999274
296 0.898931 455 0.798588 1093 0.399494
104 1.498911 725 1.348396
708 0.455433 949 0.749456 1011 0.630175 1123 0.455433
368 2.997823
230 1.498911 754 1.498911
1086 1.498911 1161 1.498911
682 1.260351 763 1.109836
483 1.348396 490 1.260351
790 1.498911 873 0.941940
1048 0.941940 1184 1.348396
618 1.348396 732 1.498911
282 0.978215 1117 1.498911
51 1.498911 199 1.197882
54 0.236674 195 0.314915 780 0.573023
28 1.260351 794 1.076363
386 0.665941 777 0.766284 1061 0.516888
413 1.498911 1061 0.775332
794 1.076363 825 0.871275
855 2.997823
71 0.558535 143 0.898931 1097 0.898931
282 0.652143 1059 0.840234 1199 0.545365
54 0.236674 195 0.314915 836 0.766284
22 1.197882 813 1.498911
54 0.236674 780 0.573023 1061 0.516888
215 0.999274 722 0.898931 826 0.766284
52 1.348396 630 1.498911
418 1.498911 573 1.498911
493 0.506901 770 0.617232 1030 0.999274
43 0.840234 254 0.898931 1050 0.898931
80 1.348396 402 1.047367
54 0.177505 307 0.749456 338 0.598941 1160 0.749456
54 0.177505 195 0.236186 306 0.749456 1028 0.749456
109 1.498911 320 1.498911
54 0.355011 864 1.109836
1007 1.197882 1019 1.197882
55 0.999274 470 0.840234 867 0.898931
50 0.674198 352 0.630175 727 0.674198 1093 0.299621
1155 2.696793
609 0.617232 662 0.840234 1041 0.551800
54 0.177505 195 0.236186 661 0.574713 761 0.455433
836 1.149426 1113 1.498911
676 0.898931 1038 0.999274 1093 0.399494
300 2.997823
58 0.574713 1007 0.598941 1199 0.409024 1204 0.598941
261 0.749456 765 0.363439 1093 0.299621 1127 0.749456
54 0.118337 195 0.157457 342 0.399294 765 0.242292 1041 0.275900 1093 0.199747
152 1.498911 424 1.197882
40 0.630175 54 0.177505 787 0.749456 860 0.749456
379 1.498911 1079 1.498911
23 0.840234 159 0.739891 825 0.580850
402 1.047367 1052 1.109836
473 1.498911 609 0.925848
119 0.539204 538 0.999274 1041 0.551800
509 1.498911 1177 1.498911
32 0.630175 566 0.435638 1124 0.749456 1175 0.674198
118 1.197882 759 1.021791
54 0.177505 195 0.236186 585 0.674198 791 0.749456
359 1.260351 464 1.498911
1181 1.260351 1192 1.348396
652 1.498911 957 1.348396
71 0.558535 323 0.999274 1093 0.399494
116 1.498911 604 1.498911
728 2.997823
540 0.717575 1008 0.999274 1049 0.798588
